  0   0   0   0   0   0   0   0   0   0   0   0   1   0   0   0   0   0   0   0   0   0   0   0   0 
  0   0   0   0   0   0   0   0   0   0   0   0   1   0   0   0   0   0   0   0   0   0   0   0   0 
  0   0   0   0   0   0   0   0   0   0   1   0   2   0   0   0   0   0   0   0   0   0   0   0   0 
  0   0   0   0   0   0   0   0   0   0   1   0   2   0   0   0   0   0   0   0   0   0   0   0   0 
  0   0   0   0   0   0   0   0   0   0   2   0   2   0   0   0   0   0   0   0   0   0   0   0   0 
  0   0   0   0   0   0   0   0   0   0   2   0   2   0   0   0   0   0   0   0   0   0   0   0   0 
  0   0   0   0   0   0   0   0   0   0   2   0   2   0   0   0   0   0   0   0   0   0   0   0   0 
  0   0   0   0   0   0   0   0   0   0   2   0   2   0   0   0   0   0   0   0   0   0   0   0   0 
  0   0   0   0   0   0   0   0   5  22  25  38  21  18   0   0   0   0   0   0   0   0   0   0   0 
  0   0   0   0   0   0   0   0   5  22  25  38  21  18   0   0   0   0   0   0   0   0   0   0   0 
  0   0   0   0   0   0   0   0   5  22  25  38  21  18   0   0   0   0   0   0   0   0   0   0   0 
