  0   0   0   0   0   0   0   0   0   0   0   0   1   0   0   0   0   0   0   0   0   0   0   0   0 
  0   0   0   0   0   0   0   0   0   0   0   0   1   0   0   0   0   0   0   0   0   0   0   0   0 
  0   0   0   0   0   0   0   0   0   0   0   0   1   0   0   0   0   0   0   0   0   0   0   0   0 
  0   0   0   0   0   0   0   0   0   0   0   0   1   0   0   0   0   0   0   0   0   0   0   0   0 
  0   0   0   0   0   0   0   0   0   0   0   0   1   0   0   0   1   0   0   0   0   0   0   0   0 
  0   0   0   0   0   0   0   0   0   0   0   0   1   0   1   0   1   0   0   0   0   0   0   0   0 
  0   0   0   0   0   0   0   0   0   0   0   0   1   0   1   0   1   0   0   0   0   0   0   0   0 
  0   0   0   0   0   0   0   0   0   0   0   0   1   1   1   0   1   0   1   0   0   0   0   0   0 
  3   5   7   6   6   6   6   6   6   6   6   8  11  14  14  13  10  10   6   4   0   0   0   0   0 
  3   5   7   6   6   6   6   6   6   6   6   8  11  14  14  13  10  10   6   4   0   0   0   0   0 
  3   5   7   6   6   6   6   6   6   6   6   8  11  14  14  13  10  10   6   4   0   0   0   0   0 
