  0   1   0   0   0   0   0   0   0   0   0   2   0 
  0   1   0   0   0   0   0   0   0   0   0   2   0 
  0   1   0   0   0   0   0   0   0   0   0   2   0 
  0   1   0   0   0   0   0   0   0   0   0   2   0 
  0   1   0   0   0   0   0   0   0   0   0   2   0 
  0   1   0   0   0   0   0   0   0   0   0   2   0 
  0   1   0   0   0   0   0   0   0   0   0   3   0 
  0   1   0   0   0   0   0   0   0   0   0   3   0 
  3   5   7   6   6   7   8   9   9   9  31  28  25 
  3   5   7   6   6   7   8   9   9   9  31  28  25 
  3   5   7   6   6   7   8   9   9   9  31  28  25 
