  0   0   0   0   0   0   0   0   0   0   0   1   0   0   0   0   0   1   0   0   0   0   0   0   0 
  0   0   0   0   0   0   0   0   0   0   0   1   0   0   0   0   0   1   0   0   0   0   0   0   0 
  0   0   0   0   0   0   0   0   0   0   0   1   0   0   0   0   0   1   0   0   0   0   0   0   0 
  0   0   0   0   0   0   0   0   0   0   0   1   0   0   0   0   0   1   0   0   0   0   0   0   0 
  0   0   0   0   0   0   0   0   0   0   0   1   0   0   0   0   0   1   0   0   0   0   0   0   0 
  0   0   0   0   0   0   0   0   0   0   0   1   0   0   0   0   0   1   0   0   0   0   0   0   0 
  0   0   0   0   0   0   0   0   0   0   0   1   0   0   0   0   0   1   0   0   0   0   0   0   0 
  0   0   0   0   0   0   0   0   0   0   0   1   0   0   0   0   0   1   0   0   0   0   0   0   0 
  0   0   0   0   0   0   0   0   0   1  12  15  17   8   7   6   7   5   3   0   0   0   0   0   0 
  0   0   0   0   0   0   0   0   0   1  12  15  17   8   7   6   7   5   3   0   0   0   0   0   0 
  0   0   0   0   0   0   0   0   0   1  12  15  17   8   7   6   7   5   3   0   0   0   0   0   0 
