  0   0   0   0   0   0   0   0   1   0   0   0   0 
  0   0   0   0   0   0   0   0   1   0   0   0   0 
  0   0   0   0   0   0   0   0   1   0   0   0   0 
  0   0   0   0   0   0   0   0   1   0   0   0   0 
  0   0   0   0   0   0   0   0   1   0   0   0   0 
  0   1   0   0   0   0   0   0   1   0   0   0   0 
  0   1   0   0   0   0   0   0   1   0   0   0   0 
  0   1   0   0   0   0   0   0   1   0   0   0   0 
  5   6   7   3   3   7   8  14  11  11  17  15  13 
  5   6   7   3   3   7   8  14  11  11  17  15  13 
  5   6   7   3   3   7   8  14  11  11  17  15  13 
