  0   0   0   0   0   0   1   0   0   0   0   0   0   0   0   0   0   0   0   0   0   0   0   0   0 
  0   0   0   0   0   0   1   0   0   0   0   0   0   0   0   0   0   0   0   0   0   0   0   0   0 
  0   0   0   0   0   0   1   0   0   0   0   0   0   0   0   0   0   0   0   0   0   0   0   0   0 
  0   0   0   0   0   0   1   0   1   0   0   0   0   0   0   0   0   0   0   0   0   0   0   0   0 
  0   0   0   0   0   0   1   0   2   0   0   0   0   0   0   0   0   0   0   0   0   0   0   0   0 
  0   0   0   0   0   0   1   0   2   0   0   0   0   0   0   0   0   0   0   0   0   0   0   0   0 
  0   0   0   0   0   0   1   0   2   0   0   0   0   0   0   0   0   0   0   0   0   0   0   0   0 
  0   0   0   0   0   0   1   0   3   0   0   0   0   0   0   0   0   0   0   0   0   0   0   0   0 
  2   4   6   6   6   7   7  20  18  17   3   3   2   1   0   0   0   0   0   0   0   0   0   0   0 
  2   4   6   6   6   7   7  20  18  17   3   3   2   1   0   0   0   0   0   0   0   0   0   0   0 
  2   4   6   6   6   7   7  20  18  17   3   3   2   1   0   0   0   0   0   0   0   0   0   0   0 
