  0   0   0   0   0   0   1   0   0   0   0   0   0 
  0   0   0   0   0   0   1   0   0   0   0   0   0 
  0   0   0   0   1   0   1   0   0   0   0   0   0 
  0   0   0   0   1   0   1   0   0   0   0   0   0 
  0   0   0   0   1   0   1   0   0   0   0   0   0 
  0   0   0   0   1   0   1   0   0   0   0   0   0 
  0   0   0   0   1   0   1   0   0   0   0   0   0 
  0   0   0   0   1   0   1   0   0   0   0   0   0 
  0   1   3  12  12  20  11  10   0   0   0   0   0 
  0   1   3  12  12  20  11  10   0   0   0   0   0 
  0   1   3  12  12  20  11  10   0   0   0   0   0 
