  0   0   0   0   0   0   0   0   0   0   1   0   0   0   1   0   0   0   0   0   0   0   0   0   0   0 
  0   0   0   0   0   0   0   0   0   0   1   0   0   0   1   0   0   0   0   0   0   0   0   0   0   0 
  0   0   0   0   0   0   0   0   0   0   1   0   0   0   1   0   0   0   0   0   0   0   0   0   0   0 
  0   0   0   0   0   0   0   0   0   0   1   0   0   0   1   0   0   0   0   1   0   0   0   0   0   0 
  0   0   0   0   0   0   0   0   0   0   1   0   0   0   1   0   0   1   0   1   0   0   0   0   0   0 
  0   0   0   0   0   0   0   0   0   0   1   0   0   0   1   0   0   1   0   1   0   0   0   0   0   0 
  0   0   0   0   0   0   0   0   0   0   1   0   0   0   1   0   0   1   0   1   0   0   0   0   0   0 
  0   0   0   0   0   0   0   0   0   0   1   0   0   0   1   0   0   1   0   1   0   0   0   0   0   0 
  0   0   0   0   0   0   0   0   1  10  13  15   9  11  13  15  19  16  13   4   2   0   0   0   0   0 
  0   0   0   0   0   0   0   0   1  10  13  15   9  11  13  15  19  16  13   4   2   0   0   0   0   0 
  0   0   0   0   0   0   0   0   1  10  13  15   9  11  13  15  19  16  13   4   2   0   0   0   0   0 
