  0   2   0   0   0   0   0   0   0   0   0   0   0   0   0   0   0   0   0   0 
  0   2   0   0   0   0   0   0   0   0   0   0   0   0   0   0   0   0   0   0 
  0   2   0   0   0   0   0   0   0   0   0   0   0   0   0   0   0   0   0   0 
  0   2   0   0   0   0   0   0   0   0   0   0   0   0   0   0   0   0   0   0 
  0   2   0   0   0   0   0   0   0   0   0   0   0   0   0   0   0   0   0   0 
  0   2   0   0   0   0   0   0   0   0   0   0   0   0   0   0   0   0   0   0 
  0   3   0   0   0   0   0   0   0   0   0   0   0   0   0   0   0   0   0   0 
  0   3   0   1   0   0   0   0   0   0   0   0   0   0   0   0   0   0   0   0 
  0   3   0   1   0   0   0   0   0   1   0   0   0   0   0   0   0   0   0   0 
 41  46  52  14  12   9   8   6   5   3   2   0   0   0   0   0   0   0   0   0 
 41  46  52  14  12   9   8   6   5   3   2   0   0   0   0   0   0   0   0   0 
 41  46  52  14  12   9   8   6   5   3   2   0   0   0   0   0   0   0   0   0 
