  0   1   0   0   1   0   0   0   0   0   0   0   0   0   0   0   0   0   0   0   0   0   0   0   0   0 
  0   1   0   0   1   0   0   0   0   0   0   0   0   0   0   0   0   0   0   0   0   0   0   0   0   0 
  0   1   0   0   1   0   0   0   0   0   0   0   0   0   0   0   0   0   0   0   0   0   0   0   0   0 
  0   1   0   0   1   0   0   0   0   0   0   0   0   0   0   1   0   0   0   0   0   0   0   0   0   0 
  0   1   0   0   1   0   0   0   0   0   0   0   0   0   0   1   0   0   0   0   0   0   0   0   0   0 
  0   1   0   0   1   0   0   0   0   0   0   0   0   0   0   1   0   0   0   0   0   0   0   0   0   0 
  0   1   0   0   1   0   0   0   0   0   0   0   0   0   0   1   0   0   0   0   0   0   0   0   0   0 
  0   1   0   0   1   0   0   0   0   0   0   0   0   0   0   1   0   0   0   0   0   0   0   0   0   0 
  8   9  10   9   9   9   3   3   3   3   3   3   3   4  11  10   8   0   0   0   0   0   0   0   0   0 
  8   9  10   9   9   9   3   3   3   3   3   3   3   4  11  10   8   0   0   0   0   0   0   0   0   0 
  8   9  10   9   9   9   3   3   3   3   3   3   3   4  11  10   8   0   0   0   0   0   0   0   0   0 
