  0   0   0   0   0   0   1   0   0   0   0   0   0   0   0   0   0   0   0   0   0   0   1   0   0   0 
  0   0   0   0   0   0   1   0   0   0   0   0   0   0   0   0   0   0   0   0   0   0   1   0   0   0 
  0   0   0   0   0   0   1   0   0   0   0   0   0   0   0   0   0   0   0   0   0   0   1   0   0   0 
  0   0   0   0   0   0   1   0   0   0   0   0   0   0   0   0   0   0   0   0   1   0   1   0   0   0 
  0   0   0   0   0   0   1   0   0   0   0   0   0   0   0   0   0   0   0   0   1   0   1   0   0   0 
  0   0   0   0   0   0   1   0   0   0   0   0   0   0   0   0   0   0   0   0   2   0   1   0   0   0 
  0   0   0   0   0   0   1   0   0   0   0   0   0   0   0   0   0   0   0   0   2   0   1   0   0   0 
  0   0   0   0   0   0   1   0   0   0   0   0   0   0   0   0   0   0   0   0   2   0   1   0   0   0 
  0   0   1   3   5   7   7   7   6   6   6   6   7   7   7   7   9  15  17  21  14  12   5   5   2   1 
  0   0   1   3   5   7   7   7   6   6   6   6   7   7   7   7   9  15  17  21  14  12   5   5   2   1 
  0   0   1   3   5   7   7   7   6   6   6   6   7   7   7   7   9  15  17  21  14  12   5   5   2   1 
