  0   0   0   0   0   0   0   1   0   1   0   1   0   0   0   1   0   0   0   0 
  0   0   0   0   0   0   0   1   0   1   0   1   0   0   0   1   0   0   0   0 
  0   0   0   0   0   0   0   1   0   1   0   1   0   0   0   1   0   0   0   0 
  0   0   0   0   0   0   0   1   0   1   0   1   0   0   0   1   0   0   0   0 
  0   0   0   0   0   0   0   1   0   1   0   1   0   0   0   1   0   0   0   0 
  0   0   0   0   0   0   0   1   0   1   0   1   0   0   0   1   0   0   0   0 
  0   0   0   0   0   0   0   1   0   1   0   1   0   0   0   1   0   0   0   0 
  0   0   0   0   0   0   0   1   0   1   0   1   0   0   0   1   0   0   0   0 
  0   0   0   0   0   0   0   1   0   1   0   1   0   0   0   1   0   0   0   0 
  0   0   0   0   0   0   0   1   0   1   0   1   0   1   0   1   0   0   0   0 
  0   0   0   0   0   0   0   2   0   1   0   1   0   1   0   1   0   0   0   0 
  0   0   0   0   0   0   0   2   0   1   0   1   0   1   0   1   0   0   0   0 
  0   0   0   0   0   0   0   2   0   1   0   1   0   1   0   1   0   0   0   0 
  0   0   0   0   0   0   0   2   0   1   0   1   0   1   0   1   1   0   0   0 
  0   0   0   0   0   0   0   2   0   1   0   1   0   1   0   1   1   0   0   0 
  0   0   0   0   0   0   0   2   0   1   0   1   0   1   0   1   1   0   0   0 
  0   0   0   0   0   0   0   2   0   1   0   1   0   1   0   1   1   0   0   0 
  0   0   0   2   9  21  35  39  46  41  39  27  36  31  28  10   6   2   0   0 
  0   0   0   2   9  21  35  39  46  41  39  27  36  31  28  10   6   2   0   0 
  0   0   0   2   9  21  35  39  46  41  39  27  36  31  28  10   6   2   0   0 
