  0   0   0   0   0   0   0   0   0   2   0   0   0   0   0   0   1   0   0   0   0   0   0   0   0   0 
  0   0   0   0   0   0   0   0   0   2   0   0   0   0   0   0   1   0   0   0   0   0   0   0   0   0 
  0   0   0   0   0   0   0   0   0   2   0   0   0   0   0   0   1   0   0   0   0   0   0   0   0   0 
  0   0   0   0   0   0   0   0   0   2   0   0   0   0   0   0   1   0   0   0   0   0   0   0   0   0 
  0   0   0   0   0   0   0   0   0   2   0   0   0   0   0   0   1   0   0   0   0   0   0   0   0   0 
  0   0   0   0   0   0   0   0   0   2   0   0   0   0   0   0   1   0   0   0   0   1   0   0   0   0 
  0   0   0   0   1   0   0   0   0   2   0   0   0   0   0   0   1   0   0   0   0   1   0   0   0   0 
  0   0   0   0   1   0   0   0   0   2   0   0   0   0   0   0   1   0   0   0   0   1   0   0   0   0 
  0   0   1   4   5   5   3   3  11  17  23  19  14   8   4   5   8  10  10   7   7   7   7   5   2   1 
  0   0   1   4   5   5   3   3  11  17  23  19  14   8   4   5   8  10  10   7   7   7   7   5   2   1 
  0   0   1   4   5   5   3   3  11  17  23  19  14   8   4   5   8  10  10   7   7   7   7   5   2   1 
