  0   0   0   0   0   0   0   1   0   0   0   0   0   0   0   0   1   0   1   0   0   0   0   0   0   0 
  0   0   0   0   0   0   0   1   0   0   0   0   0   0   0   0   1   0   1   0   0   0   0   0   0   0 
  0   0   0   0   0   0   0   1   0   0   0   0   0   0   0   0   1   0   1   0   0   0   0   0   0   0 
  0   0   0   0   0   0   0   1   0   0   0   0   0   0   0   0   1   0   1   0   0   0   0   0   0   0 
  0   0   0   0   0   0   0   1   0   0   0   0   0   0   0   0   1   0   1   0   0   0   0   0   0   0 
  0   0   0   0   0   0   0   1   0   0   0   0   0   0   1   0   1   0   1   0   0   0   0   0   0   0 
  0   0   0   0   0   0   0   1   0   0   0   0   0   0   1   0   1   0   1   0   0   0   0   0   0   0 
  0   0   0   0   0   0   0   1   0   0   0   0   0   0   1   0   1   0   1   0   0   0   0   0   0   0 
  0   0   0   1   3   6   8   8   7   7   9  11  11  12  11  14  12  12   8   7   6   5   3   1   0   0 
  0   0   0   1   3   6   8   8   7   7   9  11  11  12  11  14  12  12   8   7   6   5   3   1   0   0 
  0   0   0   1   3   6   8   8   7   7   9  11  11  12  11  14  12  12   8   7   6   5   3   1   0   0 
