  0   0   0   0   0   1   0   0   0   0   0   0   1   0   0   0   0   0   0   0   0   0   0   0   0 
  0   0   0   0   0   1   0   0   0   0   0   0   1   0   0   0   0   0   0   0   0   0   0   0   0 
  0   0   0   0   0   1   0   0   0   0   0   0   1   0   0   0   0   0   0   0   0   0   0   0   0 
  0   0   0   0   0   1   0   0   0   0   0   0   1   0   0   1   0   0   0   0   0   0   0   0   0 
  0   0   0   0   0   1   0   0   0   0   0   0   1   0   0   1   0   0   1   0   0   0   0   0   0 
  0   0   0   0   0   1   0   0   0   0   0   0   1   0   0   1   0   0   1   0   0   0   0   0   0 
  0   0   0   0   0   1   0   0   0   0   0   0   1   0   0   1   0   0   1   0   0   0   0   0   0 
  0   0   0   0   0   1   0   0   0   0   0   1   1   0   0   1   0   0   1   0   0   0   0   0   0 
  0   0   0   0   5   7  10   7   7   6   7  11  13  15  14  12   8  16  14  13   0   0   0   0   0 
  0   0   0   0   5   7  10   7   7   6   7  11  13  15  14  12   8  16  14  13   0   0   0   0   0 
  0   0   0   0   5   7  10   7   7   6   7  11  13  15  14  12   8  16  14  13   0   0   0   0   0 
