  0   0   0   0   0   0   0   0   0   0   0   0   0   0   0   0   0   0   1   0 
  0   0   0   0   0   0   0   0   0   0   0   0   0   0   0   0   0   0   1   0 
  0   0   0   0   0   0   0   0   0   1   0   0   0   0   0   0   0   0   1   0 
  0   0   0   0   0   0   0   0   0   1   0   0   0   0   0   0   0   0   1   0 
  0   0   0   0   0   0   0   0   0   1   0   0   0   0   0   0   0   0   1   0 
  0   0   0   0   0   0   0   0   0   1   0   0   0   0   0   0   0   0   1   0 
  0   0   0   0   0   0   0   0   0   1   0   0   0   0   0   0   0   0   1   0 
  0   0   0   0   0   0   0   0   0   1   0   0   0   0   0   0   0   0   1   0 
  0   0   0   0   0   0   0   0   0   1   0   0   0   0   0   0   0   0   1   0 
  0   0   0   0   0   0   0   0   0   1   0   0   0   0   0   0   0   0   1   0 
  0   0   0   0   0   0   0   0   0   1   0   0   0   0   0   0   0   0   1   0 
  0   0   0   0   0   0   0   0   0   1   0   0   0   0   0   0   0   0   1   0 
  0   0   0   0   0   0   0   0   0   1   0   0   1   0   1   0   0   0   1   0 
  0   0   0   0   0   0   0   0   0   1   0   0   1   0   1   0   0   0   1   0 
  0   0   0   0   0   0   0   0   0   1   0   0   1   0   1   0   0   0   1   0 
  0   0   0   0   0   0   0   0   0   1   0   0   1   0   1   0   0   0   1   0 
  0   0   0   0   0   0   0   0   0   1   0   0   2   0   1   0   0   0   1   0 
  0   0   0   0   0   0   1   2   5   8  11  14  14  15  14  14  13  24  20  16 
  0   0   0   0   0   0   1   2   5   8  11  14  14  15  14  14  13  24  20  16 
  0   0   0   0   0   0   1   2   5   8  11  14  14  15  14  14  13  24  20  16 
