  0   1   0   0   0   0   1   0   0   1   0   0   0 
  0   1   0   0   0   0   1   0   0   1   0   0   0 
  0   1   0   0   0   0   1   0   0   1   0   0   0 
  0   1   0   0   0   0   1   0   0   1   0   0   0 
  0   1   0   0   0   0   1   0   0   1   0   0   0 
  0   1   0   0   0   0   1   0   0   1   0   0   0 
  0   1   0   0   0   1   1   0   0   1   0   0   0 
  0   1   0   0   0   1   1   0   0   1   0   0   0 
  3   5   7   7  14  22  24  19  13  10   6   2   0 
  3   5   7   7  14  22  24  19  13  10   6   2   0 
  3   5   7   7  14  22  24  19  13  10   6   2   0 
