  0   0   0   0   0   0   0   0   0   0   0   0   0 
  0   0   0   0   0   0   0   0   0   0   0   0   0 
  0   0   0   0   0   0   0   0   0   0   0   0   0 
  0   0   0   0   0   0   0   0   0   0   0   0   0 
  0   0   0   0   0   0   0   0   0   0   0   0   0 
  0   1   0   0   0   0   0   0   0   0   0   0   0 
  0   1   0   0   0   0   0   0   0   0   0   0   0 
  0   2   0   0   0   0   0   0   0   0   0   0   0 
 18  19  20   3   3   9  10  11   6   6   6   4   2 
 18  19  20   3   3   9  10  11   6   6   6   4   2 
 18  19  20   3   3   9  10  11   6   6   6   4   2 
