  0   1   0   0   0   0   0   0   0   0   0   1   1   0   0   0   0   0   0   0   0   0   0   1   0 
  0   1   0   0   0   0   0   0   0   0   0   1   1   0   0   0   0   0   0   0   0   0   0   1   0 
  0   1   0   0   0   0   0   0   0   0   0   1   1   0   0   0   0   0   0   0   0   0   0   1   0 
  0   1   0   0   0   0   0   0   1   0   0   2   1   0   0   0   0   0   0   0   0   0   0   1   0 
  0   1   0   0   0   0   0   0   1   0   0   2   1   0   0   0   0   0   0   0   0   0   0   1   0 
  0   1   0   0   0   0   0   0   1   0   0   2   1   0   0   0   0   0   0   0   0   0   0   1   0 
  0   2   0   0   0   0   0   0   1   0   0   2   1   0   0   0   0   0   0   0   0   0   0   1   0 
  0   2   1   0   0   0   0   0   1   0   0   2   1   0   0   0   0   0   0   0   0   0   0   1   0 
 15  18  19   5   3   3   4   7  14  19  22  19  14   9   6   6   6   6   6   6   6   6  10   8   6 
 15  18  19   5   3   3   4   7  14  19  22  19  14   9   6   6   6   6   6   6   6   6  10   8   6 
 15  18  19   5   3   3   4   7  14  19  22  19  14   9   6   6   6   6   6   6   6   6  10   8   6 
