  0   0   0   0   0   0   0   0   0   0   0   0   1   0   0   0   0   0   0   0   0   0   0   0   0 
  0   0   0   0   0   0   0   0   0   0   0   0   1   0   0   0   0   0   0   0   0   0   0   0   0 
  0   0   0   0   0   0   0   0   0   0   0   0   1   0   0   0   0   0   0   0   0   0   0   0   0 
  0   0   0   0   0   0   0   0   0   0   0   0   1   0   0   0   0   0   0   0   0   0   0   0   0 
  0   0   0   0   0   0   0   0   0   0   0   0   1   0   0   0   0   0   0   0   0   0   0   0   0 
  0   0   0   0   0   0   0   0   0   0   0   0   2   0   0   0   0   0   0   0   0   0   0   0   0 
  0   0   0   0   0   0   0   0   0   0   0   0   2   0   0   0   0   0   0   0   0   1   0   0   0 
  0   0   0   0   0   0   0   0   0   0   0   0   2   0   0   0   0   0   0   0   0   1   0   0   0 
  0   0   0   0   0   0   0   0   0   0   0  13  14  15   3   3   3   3   3   3  11  10   9   0   0 
  0   0   0   0   0   0   0   0   0   0   0  13  14  15   3   3   3   3   3   3  11  10   9   0   0 
  0   0   0   0   0   0   0   0   0   0   0  13  14  15   3   3   3   3   3   3  11  10   9   0   0 
