  0   2   0   0   0   0   0   0   0   0   0   0   0 
  0   2   0   0   0   0   0   0   0   0   0   0   0 
  0   2   0   0   0   0   0   0   0   0   0   0   0 
  0   2   0   0   0   0   0   0   1   0   0   0   0 
  0   2   0   0   0   0   0   0   1   0   0   0   0 
  0   2   0   0   0   0   0   0   1   0   0   0   0 
  0   2   0   0   0   0   0   0   1   0   0   0   0 
  0   2   0   0   0   0   0   0   1   0   0   0   0 
 11  15  18   9   7   6   5  10   8   7   0   0   0 
 11  15  18   9   7   6   5  10   8   7   0   0   0 
 11  15  18   9   7   6   5  10   8   7   0   0   0 
